No tumor case 1
===============
Best parameter set based on SSIM: lambda = 0.10, rho = 1
SSIM = 0.8879

objval =

  Columns 1 through 15

         0  941.9576  699.4334  661.0458  644.1320  631.9366  623.1029  616.6127  611.6060  607.4875  603.9418  600.8910  598.2268  595.8898  593.8489

  Columns 16 through 30

  592.0485  590.4572  589.0709  587.8614  586.7870  585.8237  584.9708  584.1946  583.4809  582.8488  582.2699  581.7410  581.2668  580.8346  580.4326

  Columns 31 through 45

  580.0561  579.7105  579.3914  579.0950  578.8180  578.5597  578.3148  578.0854  577.8691  577.6631  577.4670  577.2837  577.1114  576.9470  576.7914

  Columns 46 through 60

  576.6439  576.5014  576.3636  576.2323  576.1087  575.9912  575.8793  575.7721  575.6695  575.5711  575.4751  575.3821  575.2917  575.2038  575.1193

  Columns 61 through 75

  575.0369  574.9591  574.8838  574.8094  574.7369  574.6688  574.6022  574.5384  574.4772  574.4184  574.3613  574.3055  574.2515  574.1999  574.1494

  Columns 76 through 90

  574.1012  574.0538  574.0084  573.9648  573.9217  573.8799  573.8388  573.7995  573.7616  573.7242  573.6879  573.6526  573.6177  573.5831  573.5501

  Columns 91 through 100

  573.5178  573.4862  573.4559  573.4259  573.3969  573.3683  573.3404  573.3131  573.2867  573.2608

Elapsed time: 1.36 minutes


Yes tumor case 1
================
Best parameter set based on SSIM: lambda = 0.10, rho = 1.000000e-02
SSIM = 0.90154

objval =

   1.0e+03 *

  Columns 1 through 15

         0    2.9766    2.8519    2.7357    2.6273    2.5262    2.4317    2.3435    2.2611    2.1840    2.1119    2.0444    1.9813    1.9221    1.8667

  Columns 16 through 30

    1.8147    1.7659    1.7201    1.6771    1.6368    1.5989    1.5632    1.5297    1.4981    1.4683    1.4403    1.4139    1.3889    1.3654    1.3432

  Columns 31 through 45

    1.3222    1.3023    1.2835    1.2657    1.2489    1.2330    1.2179    1.2035    1.1899    1.1770    1.1648    1.1531    1.1421    1.1315    1.1215

  Columns 46 through 60

    1.1120    1.1029    1.0942    1.0859    1.0780    1.0704    1.0632    1.0563    1.0497    1.0433    1.0373    1.0314    1.0259    1.0205    1.0153

  Columns 61 through 75

    1.0104    1.0056    1.0011    0.9966    0.9924    0.9883    0.9844    0.9806    0.9769    0.9733    0.9699    0.9666    0.9634    0.9603    0.9572

  Columns 76 through 90

    0.9543    0.9515    0.9488    0.9461    0.9435    0.9410    0.9386    0.9362    0.9339    0.9317    0.9295    0.9274    0.9253    0.9232    0.9213

  Columns 91 through 100

    0.9193    0.9175    0.9156    0.9138    0.9121    0.9103    0.9087    0.9070    0.9054    0.9038

Elapsed time: 1.45 minutes