Yes Tumor Caes 1
================

Best parameter set based on SSIM: lambda = 0.10
SSIM = 0.87157

obj_val =

   1.0e+04 *

  Columns 1 through 15

    3.6636    3.6180    3.5926    3.5790    3.5710    3.5657    3.5619    3.5590    3.5569    3.5553    3.5541    3.5532    3.5525    3.5518    3.5511

  Columns 16 through 30

    3.5506    3.5501    3.5498    3.5494    3.5492    3.5489    3.5487    3.5486    3.5484    3.5483    3.5482    3.5480    3.5479    3.5477    3.5476

  Columns 31 through 45

    3.5475    3.5474    3.5472    3.5471    3.5470    3.5469    3.5468    3.5467    3.5466    3.5465    3.5464    3.5464    3.5463    3.5462    3.5462

  Columns 46 through 60

    3.5461    3.5461    3.5460    3.5460    3.5459    3.5459    3.5458    3.5458    3.5457    3.5457    3.5457    3.5456    3.5456    3.5456    3.5456

  Columns 61 through 75

    3.5455    3.5455    3.5455    3.5454    3.5454    3.5454    3.5454    3.5453    3.5453    3.5453    3.5453    3.5453    3.5452    3.5452    3.5452

  Columns 76 through 90

    3.5452    3.5452    3.5451    3.5451    3.5451    3.5451    3.5451    3.5451    3.5450    3.5450    3.5450    3.5450    3.5450    3.5450    3.5449

  Columns 91 through 100

    3.5449    3.5449    3.5449    3.5449    3.5449    3.5449    3.5449    3.5449    3.5449    3.5449

Elapsed time: 26.72 minutes



==============
No tumor Case 1
================


TV_FGP_2D_Implementation
Best parameter set based on SSIM: lambda = 0.10
SSIM = 0.88289

obj_val =

   1.0e+04 *

  Columns 1 through 15

    1.3690    1.3219    1.2964    1.2832    1.2760    1.2715    1.2682    1.2658    1.2640    1.2626    1.2615    1.2607    1.2601    1.2597    1.2594

  Columns 16 through 30

    1.2592    1.2590    1.2588    1.2586    1.2584    1.2582    1.2580    1.2578    1.2576    1.2574    1.2572    1.2570    1.2567    1.2566    1.2564

  Columns 31 through 45

    1.2562    1.2561    1.2559    1.2558    1.2556    1.2555    1.2553    1.2552    1.2551    1.2550    1.2549    1.2548    1.2547    1.2546    1.2546

  Columns 46 through 60

    1.2545    1.2545    1.2544    1.2543    1.2543    1.2542    1.2542    1.2541    1.2541    1.2541    1.2540    1.2540    1.2539    1.2539    1.2539

  Columns 61 through 75

    1.2539    1.2538    1.2538    1.2538    1.2537    1.2537    1.2537    1.2537    1.2537    1.2536    1.2536    1.2536    1.2536    1.2536    1.2535

  Columns 76 through 90

    1.2535    1.2535    1.2535    1.2535    1.2535    1.2534    1.2534    1.2534    1.2534    1.2534    1.2534    1.2534    1.2534    1.2533    1.2533

  Columns 91 through 100

    1.2533    1.2533    1.2533    1.2533    1.2533    1.2533    1.2533    1.2533    1.2532    1.2532

Elapsed time: 22.08 minutes



